48 27 39 41 72 31 87 55 11 13 43 28 50 36 37 64 60 31 12 32 24 32 55 40 73 57 80 20 0
38 15 70 55 76 53 69 18 50 34 51 53 19 69 13 46 0
67 16 70 21 39 36 44 36 67 27 83 89 69 56 37 26 36 35 13 79 46 53 71 23 14 34 32 26 69 0
65 78 59 77 10 40 24 44 66 81 13 11 80 25 0
60 41 36 37 76 57 25 0
39 38 44 15 13 12 75 55 67 63 56 86 63 86 20 49 14 11 85 47 34 52 47 36 35 73 63 0
40 78 51 21 59 85 0
14 87 12 59 16 0
26 13 71 54 23 62 11 57 89 48 33 51 85 59 77 20 64 89 83 84 50 14 0
78 31 57 75 65 59 34 73 27 37 54 0
82 58 72 81 58 63 24 51 10 25 38 21 79 69 14 74 30 18 69 50 72 69 67 47 38 11 30 55 70 26 68 0
75 83 86 75 56 21 36 56 36 17 19 58 76 23 42 48 64 53 88 0
32 66 35 60 19 56 57 80 72 36 85 89 61 33 26 27 44 85 0
23 12 35 23 30 80 87 69 54 50 19 42 73 75 68 75 0
34 43 27 48 21 54 80 24 77 16 41 64 11 88 29 13 33 42 66 0
39 45 20 79 54 85 62 72 0
80 19 39 65 36 77 76 80 19 42 67 26 73 41 59 23 60 15 79 44 71 45 73 26 87 63 22 82 67 84 55 0
13 84 32 71 24 50 61 33 82 71 81 17 54 51 31 57 56 0
11 37 87 75 85 84 80 17 77 57 44 74 57 79 69 31 61 35 72 64 10 16 77 82 0
42 43 77 41 89 39 42 36 68 59 31 0
49 70 49 49 24 0
48 14 45 69 17 22 83 71 22 10 11 14 88 43 79 27 74 78 56 58 56 66 28 29 38 0
42 30 10 56 86 48 12 73 28 0
85 53 65 49 85 66 86 83 51 75 20 35 64 18 35 62 74 53 82 23 15 34 75 15 32 71 54 0
54 24 28 81 19 83 40 15 11 36 88 52 54 51 29 28 0
55 32 76 50 24 89 55 80 74 13 55 87 89 32 83 55 82 74 0
28 56 21 29 35 20 72 79 13 11 49 62 88 71 48 49 38 79 46 28 15 49 73 12 80 47 85 0
40 21 20 58 68 31 29 45 73 11 34 28 45 73 81 0
54 71 34 0
13 71 53 50 62 68 53 53 26 80 88 88 44 50 88 22 24 0
89 39 29 33 58 16 48 81 49 12 62 74 0
17 87 32 58 11 10 53 54 58 75 85 56 29 45 54 73 11 24 72 41 43 15 89 81 0
80 40 88 84 56 67 44 85 89 12 87 89 55 51 10 40 78 56 12 34 0
75 67 67 58 18 52 15 49 43 11 71 25 0
18 24 18 52 19 17 86 48 48 83 42 48 65 30 47 67 0
42 53 64 19 53 72 13 58 64 78 59 45 13 10 53 59 50 47 21 89 43 59 48 0
11 38 12 32 0
21 28 59 64 82 20 27 17 55 28 71 43 29 58 79 30 54 48 70 11 59 0
77 61 60 55 62 40 89 84 10 21 55 11 27 47 22 77 86 19 15 67 85 34 0
74 86 32 0
19 65 66 31 52 37 33 18 89 63 49 36 15 60 33 17 78 0
61 65 19 70 22 28 65 46 86 81 75 60 56 84 36 64 25 30 11 48 70 42 53 30 20 59 80 43 18 20 56 69 0
17 49 39 35 57 28 32 48 13 34 46 87 60 20 54 81 53 44 61 38 39 81 80 40 24 0
48 34 32 27 52 39 19 33 16 66 51 38 56 54 63 13 51 65 55 47 0
51 81 60 31 31 51 21 13 17 77 52 0
51 69 36 80 30 59 87 86 53 67 85 17 72 88 11 0
85 48 78 46 72 48 0
45 42 31 48 49 18 10 33 12 22 59 82 42 0
31 71 24 41 66 31 55 16 64 77 43 23 66 80 37 24 41 72 56 62 30 16 23 63 39 0
75 41 49 59 44 23 72 58 54 48 31 51 86 38 39 40 83 47 62 30 61 13 12 60 66 64 18 31 69 79 46 0
62 85 56 16 18 70 16 14 29 70 88 57 18 69 87 11 26 59 31 29 15 0
79 23 71 39 44 51 29 80 79 81 75 77 88 36 58 46 72 29 26 70 76 34 81 26 67 17 27 40 0
32 15 10 45 29 0
79 22 59 21 11 82 87 31 32 65 79 69 0
18 37 60 36 14 51 52 71 11 22 0
70 44 59 0
32 30 52 21 42 21 65 76 46 62 17 68 69 38 79 58 78 27 28 24 31 22 0
44 23 31 56 35 17 58 15 71 78 0
35 31 53 10 49 89 14 56 20 73 36 41 41 24 58 12 70 31 24 79 18 69 0
64 14 12 64 0
73 53 51 18 26 15 18 65 46 22 63 56 0
89 88 21 23 88 23 83 0
69 25 70 48 19 76 84 21 51 77 37 14 39 77 30 76 86 37 32 50 10 31 30 0
61 41 54 59 86 79 63 65 46 75 55 56 14 81 19 55 68 78 11 49 66 63 35 14 10 10 86 42 31 26 73 82 0
69 83 85 58 89 12 47 74 0
13 78 80 54 75 59 43 28 18 19 81 76 23 33 76 19 17 49 68 0
73 67 11 66 63 12 17 65 49 82 65 52 22 55 16 88 56 49 26 17 10 50 35 55 73 53 17 33 12 75 23 27 0
25 35 57 27 43 65 18 67 40 60 79 37 18 29 36 10 78 43 42 0
20 88 53 63 15 76 17 0
42 34 74 89 59 74 58 12 49 66 69 31 68 11 58 76 30 36 0
50 21 61 78 31 59 74 84 16 0
11 38 44 67 54 75 37 38 43 71 77 51 83 50 29 36 19 48 0
77 66 49 89 69 37 30 38 21 25 76 24 58 24 10 36 69 76 15 49 29 28 69 23 21 29 42 47 70 80 46 58 0
85 57 68 64 77 49 28 44 35 74 13 50 74 71 61 12 28 20 64 46 79 77 58 19 29 47 79 52 35 0
51 62 14 29 37 34 68 55 68 46 39 23 86 55 36 57 58 54 19 32 11 89 19 11 18 70 0
39 32 26 29 73 78 33 45 25 89 55 22 20 11 83 33 39 49 60 38 49 56 0
71 57 47 0
10 87 60 81 36 0
17 55 18 37 31 85 53 62 51 17 72 84 11 16 34 82 18 62 41 64 20 22 64 89 44 64 86 46 0
65 71 14 62 32 0
83 59 37 88 20 44 70 47 0
76 23 69 36 27 20 43 70 64 17 69 18 23 18 87 21 73 20 25 45 42 89 71 12 68 69 0
55 81 43 42 20 56 54 46 74 16 79 54 0
86 65 31 52 73 28 0
88 39 30 76 23 62 89 57 40 20 22 0
11 55 70 21 54 66 58 38 72 79 34 53 28 89 27 70 73 45 43 71 26 63 89 40 35 88 0
18 18 51 45 20 49 57 31 13 65 0
73 48 21 17 43 39 16 60 19 0
48 52 45 16 57 44 46 35 43 76 75 51 69 62 13 28 30 35 63 85 88 46 75 0
85 61 48 44 0
89 17 21 0
52 28 51 39 16 0
72 34 13 65 46 65 69 16 37 46 70 65 44 58 82 54 86 53 44 40 27 44 47 70 69 0
40 30 71 79 80 85 55 35 60 11 43 71 18 22 27 30 77 14 30 70 10 58 65 44 88 82 30 78 15 10 62 45 0
43 34 85 70 80 30 72 33 15 54 41 28 23 13 15 59 66 27 59 34 83 46 65 27 18 85 32 0
57 20 23 42 44 18 54 66 70 36 10 76 32 73 0
78 29 51 47 85 69 0
61 14 85 0
63 13 63 38 22 30 48 67 14 82 75 58 11 55 85 11 73 27 26 77 15 77 39 0
72 50 44 76 86 39 0
11 42 76 39 86 48 77 63 0
22 80 53 23 78 48 56 61 18 24 81 55 12 30 50 26 0
84 12 50 33 57 51 18 43 33 14 33 20 20 76 64 42 72 29 30 30 27 82 70 42 73 36 76 45 28 12 89 0
47 81 78 14 42 38 79 17 75 22 60 85 0
34 69 23 54 10 75 0
34 56 87 49 34 73 84 52 28 35 49 65 26 70 0
10 18 58 18 83 22 68 30 53 44 10 66 40 42 52 54 66 50 51 25 0
67 51 68 85 76 28 12 44 88 23 44 48 71 52 74 35 62 14 79 17 46 87 47 78 49 11 86 41 85 21 0
62 14 68 89 80 86 11 66 36 24 21 26 37 15 10 0
68 15 51 27 83 0
64 24 40 18 20 24 45 32 71 17 68 49 48 59 77 49 67 55 15 78 72 0
36 72 14 0
29 88 63 23 79 69 37 61 0
79 27 0
53 89 23 32 80 61 33 20 52 10 65 57 79 79 89 25 14 46 61 33 0
66 78 17 45 57 20 17 79 38 0
42 37 37 64 59 88 87 69 51 0
77 18 29 18 50 44 22 86 47 78 24 55 18 31 10 18 41 49 87 69 63 39 48 10 14 50 88 11 61 81 0
48 42 60 57 82 46 21 30 83 89 76 48 50 17 81 58 80 40 55 12 13 84 82 45 0
42 76 74 46 67 25 84 51 76 83 43 0
47 15 58 46 81 48 86 40 39 86 31 22 51 65 57 78 57 13 0
42 79 12 78 88 60 24 0
46 50 35 20 87 41 68 75 32 27 24 15 88 20 36 0
62 11 20 82 10 55 20 74 76 55 62 74 25 29 0
13 69 12 23 66 75 34 51 17 83 65 0
81 28 80 44 80 33 86 24 66 83 66 50 69 31 55 85 78 26 62 33 85 16 79 13 81 23 0
40 48 62 85 39 32 27 25 54 51 53 68 59 46 44 19 57 18 16 53 38 32 57 62 59 15 51 62 86 16 0
36 54 63 63 35 85 0
83 49 42 46 27 11 35 13 52 82 21 11 77 50 33 76 22 83 81 0
87 77 53 56 56 0
29 61 74 24 52 67 15 36 56 32 69 81 36 32 25 79 65 45 39 88 31 83 33 23 40 31 42 83 29 40 42 0
12 59 15 54 68 21 33 34 75 12 57 53 0
25 43 41 60 24 72 33 50 15 46 80 68 31 74 0
13 58 47 47 27 84 12 86 47 35 62 33 69 62 0
46 77 13 77 79 28 59 22 20 65 11 10 75 32 26 73 67 75 62 25 44 89 59 0
46 36 45 21 15 17 40 51 36 75 0
25 45 88 37 55 15 38 56 81 12 72 16 70 89 21 0
44 20 86 26 88 32 61 20 37 20 82 79 0
67 60 13 23 58 41 20 16 21 66 39 56 81 77 36 80 88 63 0
50 59 83 49 33 54 59 60 17 51 81 53 60 0
57 25 52 40 36 10 83 44 39 49 67 26 27 58 57 32 66 17 33 59 56 56 56 57 27 63 50 50 26 0
44 25 36 86 87 14 38 81 49 67 72 26 35 10 26 34 32 83 42 56 52 40 22 50 88 71 23 48 64 0
11 18 87 38 46 85 42 74 28 33 83 10 50 28 10 18 85 65 43 37 31 86 19 75 78 49 0
12 40 0
74 41 71 71 21 27 18 86 11 36 29 84 69 21 54 69 30 0
44 63 28 17 11 38 83 80 29 82 82 59 87 18 11 68 79 54 85 40 50 38 66 70 64 45 33 28 57 53 0
43 59 38 51 12 18 76 82 70 20 0
39 17 66 72 27 56 37 54 86 77 82 0
89 56 82 0
26 81 28 68 34 77 49 27 80 57 45 24 69 87 73 19 46 0
33 63 47 60 27 75 80 51 32 31 49 24 54 66 47 25 76 23 12 35 73 34 35 28 81 14 0
16 23 14 87 47 20 77 49 37 62 39 31 84 13 70 50 57 78 39 72 65 53 27 10 36 83 35 86 26 72 54 64 0
11 62 74 21 81 66 80 53 47 21 80 50 82 72 0
22 22 64 77 17 33 30 75 27 87 71 75 69 36 50 17 69 54 33 80 45 89 70 40 47 82 62 39 26 77 79 0
89 86 58 48 29 78 33 78 75 14 64 55 72 56 0
51 52 85 41 39 37 54 21 26 78 74 55 14 61 77 42 0
73 10 82 12 0
25 81 16 61 87 61 76 85 65 37 47 12 21 28 39 17 71 55 85 55 21 89 58 88 73 12 0
26 84 25 46 51 48 84 23 45 87 89 72 62 68 0
65 31 79 14 38 61 12 65 58 23 64 59 53 80 13 66 16 88 33 84 81 72 79 46 0
28 77 42 81 56 13 88 29 35 44 0
86 46 65 86 11 72 55 54 62 59 62 20 89 0
46 32 20 67 69 69 86 56 53 29 54 57 27 74 82 0
74 30 0
81 26 51 63 24 48 67 25 52 77 56 80 66 78 10 43 57 22 71 24 65 10 68 64 27 84 56 31 20 28 71 0
77 32 17 43 22 75 10 65 14 56 55 22 76 56 56 44 20 69 10 0
70 20 82 39 47 80 60 57 19 73 59 38 16 19 71 28 84 71 35 40 69 81 53 0
79 51 41 0
30 73 26 42 84 50 72 41 73 42 40 34 58 42 62 16 51 75 66 77 56 12 27 35 83 22 32 0
15 64 23 36 47 71 68 73 32 50 56 15 35 87 71 83 71 43 41 32 28 17 19 26 0
68 51 12 33 25 26 38 79 39 64 69 21 75 84 75 67 83 32 44 32 0
69 13 46 20 35 16 28 76 32 37 86 25 72 29 40 88 10 62 38 16 73 81 81 19 66 59 0
88 45 34 43 25 69 31 35 46 37 53 32 11 33 61 26 15 32 88 13 32 12 73 39 27 64 30 37 72 0
39 22 67 16 55 82 27 76 59 64 55 23 38 56 78 89 24 83 32 55 38 54 57 22 35 75 0
88 54 11 29 35 55 38 73 21 62 11 87 32 65 53 77 13 51 65 45 66 10 67 31 38 63 30 82 89 47 0
87 11 54 58 37 19 87 20 62 11 53 12 33 28 87 0
64 48 59 19 24 59 28 77 40 81 18 32 32 55 75 29 89 71 78 36 33 27 0
85 60 42 87 36 12 84 78 66 43 80 27 89 81 45 77 31 37 37 86 11 34 71 0
65 85 51 11 28 20 32 23 70 16 53 16 18 47 37 27 32 27 44 32 0
32 51 40 11 30 68 12 86 81 33 62 76 26 15 0
68 37 28 49 75 71 87 84 60 34 53 83 51 39 57 0
61 50 74 62 70 52 65 18 43 40 70 30 89 76 34 67 55 84 26 41 17 56 67 20 80 30 13 74 11 12 76 0
52 12 67 64 54 42 72 87 25 85 59 24 71 36 81 36 62 50 67 70 0
76 80 38 16 35 54 18 69 72 23 63 74 80 0
38 65 51 68 80 46 69 46 59 15 69 86 68 61 15 80 19 82 22 48 40 47 44 48 58 0
13 31 11 84 10 40 59 51 50 81 40 29 37 89 67 16 37 45 68 43 67 77 67 79 0
17 68 22 88 36 71 11 57 72 37 57 54 38 50 14 29 32 66 56 32 43 15 11 30 73 76 87 12 0
28 22 13 86 0
11 64 47 44 63 29 0
30 74 52 22 30 72 45 86 70 19 71 75 20 43 10 39 72 13 0
10 25 37 38 33 38 44 70 25 17 89 39 37 25 81 82 78 63 37 26 44 78 88 61 0
73 62 69 56 17 14 88 64 41 69 87 22 23 67 37 31 18 18 10 66 89 82 54 15 0
70 81 49 20 84 80 84 56 11 82 0
15 32 37 47 11 34 59 25 43 38 78 52 46 30 28 77 23 24 34 26 36 57 18 47 52 0
73 18 41 17 24 47 39 51 36 41 28 37 0
61 65 28 55 53 48 25 72 61 71 17 30 18 64 38 55 58 68 70 19 51 77 33 88 0
26 66 89 76 13 39 80 68 57 45 63 16 13 46 19 74 53 0
82 59 19 79 0
29 11 69 71 30 12 21 79 60 78 30 47 33 60 37 12 59 24 17 17 59 53 59 44 48 40 68 18 82 10 20 53 0
79 34 64 33 78 53 83 18 73 72 0
75 51 75 77 66 83 84 67 46 53 21 85 84 32 45 28 64 55 71 17 76 48 23 19 0
66 44 76 82 27 27 0
68 45 86 76 38 81 54 26 76 17 53 70 71 88 0
77 85 22 37 71 60 50 0
86 59 67 24 83 36 41 12 46 76 89 65 56 32 61 73 18 68 36 31 82 67 61 69 14 73 48 28 75 0
50 23 10 59 37 83 85 21 37 42 87 68 49 86 10 20 69 51 30 47 24 22 56 75 34 61 11 0
79 76 23 71 42 23 41 69 16 36 80 44 20 30 54 59 26 55 21 37 48 42 74 0
54 41 47 78 44 80 13 33 19 26 14 51 40 77 30 78 56 21 64 66 73 29 68 0
26 31 36 64 63 20 36 28 83 25 48 37 48 83 12 57 20 17 18 82 0
70 70 82 33 77 11 16 16 21 15 64 42 73 38 16 36 16 66 29 63 24 89 21 50 11 68 60 50 28 84 77 41 0
69 64 83 70 23 41 33 60 15 66 44 75 72 70 33 48 41 87 14 40 18 54 74 29 56 34 79 50 21 30 57 33 0
50 45 50 82 69 52 39 45 86 57 59 18 80 17 82 77 53 64 38 50 48 0
16 73 46 57 36 19 24 0
46 16 47 38 40 58 80 70 45 0
69 14 69 59 53 13 47 16 68 75 56 58 74 15 73 62 0
20 71 28 53 59 34 42 87 65 10 30 77 45 49 56 81 60 57 44 64 46 83 74 63 81 42 47 86 26 20 58 0
81 28 31 83 53 64 80 60 16 20 79 84 11 77 75 0
44 62 20 81 55 84 86 46 36 44 43 84 86 43 62 29 62 36 22 57 42 13 59 80 0
48 74 89 35 12 0
21 64 55 44 29 49 41 65 27 27 50 22 23 36 26 0
88 52 55 87 36 10 56 27 87 0
11 38 71 13 73 34 19 38 69 38 29 52 46 79 69 0
11 82 64 59 66 14 54 63 11 80 63 89 17 13 45 51 0
58 86 57 83 16 37 14 76 57 56 32 46 35 61 79 27 35 0
83 40 44 89 73 35 14 73 74 17 60 67 81 29 16 48 22 22 27 26 40 74 24 63 62 0
66 83 66 11 74 11 73 28 42 89 85 47 24 70 54 74 47 77 45 53 67 89 17 85 0
48 69 71 53 74 30 29 19 38 62 83 72 78 22 24 29 17 61 43 29 58 59 19 45 15 14 23 46 54 0
14 44 61 75 87 45 48 58 55 28 30 80 10 50 44 57 69 52 60 54 0
28 24 32 16 61 69 61 17 33 21 53 67 72 71 16 60 29 64 57 47 36 47 80 77 82 79 56 76 49 0
89 20 67 64 26 38 75 29 0
18 72 41 75 54 22 33 56 73 87 23 62 33 61 84 20 85 73 19 71 33 62 22 0
39 28 11 19 13 62 86 21 44 69 0
40 81 61 87 16 58 20 69 34 23 63 76 18 79 85 31 54 89 44 87 38 62 0
79 66 44 28 29 78 87 58 28 0
61 57 37 62 20 48 86 33 54 72 74 43 20 15 87 19 81 36 80 54 18 21 62 52 39 81 72 37 81 42 58 0
10 37 57 20 76 85 75 72 19 11 57 29 17 54 71 40 32 13 84 72 24 88 66 54 32 48 81 23 0
81 50 32 28 17 42 46 12 60 28 54 61 27 25 20 23 86 51 45 41 77 59 56 76 35 52 18 73 75 63 64 0
24 86 36 63 71 25 18 73 75 62 44 13 0
87 26 26 48 14 57 35 63 23 53 89 65 13 72 82 67 0
58 33 27 37 38 40 52 46 23 37 18 89 72 38 86 89 54 44 13 21 22 18 67 17 17 74 21 32 0
30 52 67 85 21 14 33 51 56 70 16 36 30 16 18 58 12 49 22 79 84 66 43 13 43 50 0
27 61 74 36 33 37 14 28 48 18 52 42 17 64 48 75 84 54 35 53 89 0
17 30 69 73 63 24 58 55 35 28 59 51 54 82 0
58 21 69 19 15 53 26 69 11 43 15 88 68 58 39 53 18 59 0
81 64 79 82 29 56 20 78 18 64 71 38 33 34 49 74 71 12 10 82 46 43 87 76 21 88 0
17 16 26 72 39 80 13 31 51 60 41 40 20 16 53 48 71 29 40 55 42 0
87 34 62 72 31 48 35 61 15 74 67 31 88 17 21 12 70 63 62 22 45 24 60 88 14 73 59 44 70 0
29 19 35 81 0
88 72 58 60 77 43 69 19 41 28 62 43 89 67 47 53 22 61 55 52 66 70 53 0
50 54 23 11 0
47 82 62 29 50 64 16 35 43 57 67 14 30 52 45 39 10 40 52 13 85 46 21 65 10 64 0
86 77 58 60 34 82 32 53 74 38 12 20 71 59 29 27 31 71 62 61 23 12 55 27 39 11 38 0
43 44 13 72 32 13 42 88 0
16 84 54 44 86 64 57 87 35 75 29 16 79 80 30 82 77 79 63 0
27 20 64 62 55 78 36 59 30 34 38 68 0
82 22 56 88 69 54 33 86 73 40 76 15 12 68 34 81 0
54 18 83 28 22 49 48 0
50 68 25 78 78 75 23 10 42 21 70 86 45 66 21 27 0
58 29 14 82 20 78 46 60 71 17 25 30 55 0
22 66 30 11 54 16 56 87 48 67 67 76 22 75 39 0
22 87 10 26 31 20 14 67 71 76 26 38 48 72 43 61 80 64 14 76 22 60 73 12 69 82 78 82 20 59 63 32 0
64 48 77 26 85 86 39 23 23 67 61 37 21 64 59 27 20 45 39 22 29 73 82 53 61 26 63 30 31 0
28 37 76 47 54 71 43 35 84 88 45 87 35 56 14 84 25 56 40 54 69 11 37 0
54 40 61 28 12 82 55 62 30 41 19 26 54 84 0
80 83 38 78 28 84 82 55 19 80 37 15 59 70 74 14 34 56 65 84 0
58 82 30 30 65 71 78 30 66 71 20 59 20 0
29 46 64 26 88 55 53 45 24 33 30 61 10 76 36 36 77 36 28 49 56 84 63 0
56 39 26 18 40 68 49 59 24 23 76 54 0
71 10 35 47 62 86 47 48 32 73 67 59 44 59 0
70 32 44 36 61 12 44 43 70 35 12 36 49 30 81 27 0
33 84 49 85 80 38 0
55 53 85 56 39 54 55 19 76 89 77 79 11 64 32 23 89 0
50 48 87 73 18 41 16 44 32 43 67 12 28 64 87 23 0
37 67 27 46 85 27 66 0
60 40 80 74 39 57 34 30 86 49 70 69 55 56 43 88 33 45 58 87 42 72 59 69 0
77 58 29 46 34 45 16 16 36 80 77 83 56 49 31 15 29 10 60 76 43 0
51 30 59 49 14 73 50 74 0
69 74 83 25 50 39 32 56 17 0
43 10 21 83 63 26 54 15 29 72 48 29 34 20 30 25 24 13 17 40 68 77 24 13 12 16 42 66 62 81 0
16 33 74 41 86 10 85 11 61 68 81 33 44 43 53 0
58 57 18 40 67 85 55 70 88 13 55 16 0
46 69 24 70 53 55 18 86 50 20 57 60 43 80 46 77 44 47 77 43 56 27 52 51 24 32 81 28 29 88 84 18 0
18 30 63 15 38 11 87 80 58 10 66 81 46 53 67 84 0
20 50 89 62 43 24 36 35 74 88 65 68 16 26 28 68 79 33 48 80 62 71 81 62 47 72 19 42 49 13 24 11 0
55 15 70 69 73 47 85 71 22 63 29 71 33 87 12 88 78 83 61 59 26 33 16 40 74 0
31 29 46 32 24 11 37 37 23 52 74 18 34 39 72 85 20 47 83 22 46 0
47 49 72 63 24 30 13 89 20 34 60 56 88 0
57 67 54 70 30 38 79 86 67 13 81 77 82 26 10 70 39 79 29 21 53 44 41 88 75 83 65 45 0
15 62 17 73 58 29 45 87 50 41 64 85 64 84 78 81 36 0
30 25 30 74 20 16 57 51 81 51 58 68 10 63 73 49 0
41 21 33 70 61 16 45 57 71 71 77 62 17 77 34 32 17 50 75 23 0
36 46 11 84 57 0
89 72 83 78 23 14 53 84 17 60 71 16 41 52 83 45 11 71 21 65 78 0
50 44 22 28 32 23 22 79 56 22 61 0
42 27 85 85 53 13 87 66 19 70 28 45 25 29 26 69 36 46 73 77 32 0
15 55 82 60 76 48 24 80 72 56 17 67 83 12 22 81 68 64 61 86 19 29 57 67 40 83 55 23 22 78 50 60 0
74 30 61 64 76 51 46 74 10 24 67 12 68 10 70 42 14 66 51 33 65 28 63 11 26 28 23 14 20 73 79 84 0
82 58 31 44 15 47 44 61 57 47 39 57 59 24 61 36 65 36 43 36 89 44 52 0
10 88 37 25 29 63 61 21 32 34 87 69 24 42 72 71 31 53 0
80 67 42 0
43 68 44 21 68 78 15 37 30 13 17 46 64 70 49 75 44 25 73 55 39 57 37 20 30 81 81 52 0
33 53 43 11 87 0
21 27 11 81 48 46 88 36 52 20 27 38 87 42 53 52 24 52 0
66 72 55 57 34 23 32 29 89 66 26 85 29 44 39 20 82 27 50 60 22 13 77 50 10 29 0
84 75 87 26 52 69 71 51 45 37 74 65 68 82 81 15 21 67 0
64 11 14 24 61 26 27 48 18 59 20 53 54 85 50 70 79 61 0
41 48 63 57 55 41 81 79 46 12 56 33 18 58 69 33 61 0
82 20 45 52 62 40 16 57 32 28 79 83 54 30 73 27 29 39 58 20 28 15 0
74 70 63 74 49 38 46 76 30 56 31 24 28 13 62 27 35 33 48 60 77 20 43 15 39 72 15 81 10 52 78 27 0
83 11 23 31 47 89 83 45 62 50 15 65 22 65 42 45 23 12 33 34 46 70 15 60 0
39 13 22 0
30 44 52 63 58 73 21 89 18 88 62 10 14 69 23 21 22 0
34 56 33 58 44 45 16 0
15 45 50 27 62 70 13 24 43 61 39 86 13 79 85 17 80 41 76 45 52 40 45 76 0
21 77 41 56 35 78 61 70 38 78 0
50 82 40 36 85 21 64 40 10 11 47 0
42 34 19 36 16 55 55 13 66 74 77 64 19 17 68 79 78 88 63 38 32 45 16 28 56 71 10 0
72 48 63 57 24 72 83 30 37 48 66 45 32 85 20 41 12 78 62 80 76 35 61 19 22 67 69 68 0
69 67 63 59 72 30 25 54 23 78 34 14 54 69 0
81 31 20 83 19 72 26 38 50 77 79 62 54 10 41 45 21 50 18 71 64 70 38 28 83 0
52 87 22 64 66 13 85 76 39 47 0
55 27 18 42 48 71 38 48 54 25 11 46 65 72 20 45 53 70 71 69 65 68 82 39 76 85 66 0
66 55 31 31 24 71 15 62 84 44 52 48 11 54 36 67 68 78 22 31 59 83 43 34 14 35 15 80 62 0
85 39 21 0
12 35 39 18 40 34 84 34 24 85 78 83 14 89 71 27 62 40 52 15 16 56 72 21 79 77 0
74 58 78 42 60 23 71 20 85 47 14 30 62 42 50 55 0
49 68 15 22 19 58 59 25 24 42 69 45 29 46 29 77 34 61 47 79 43 10 75 32 14 0
36 78 87 33 67 79 12 72 43 53 40 12 20 87 44 79 42 63 67 62 82 11 65 40 33 50 72 50 73 76 87 19 0
36 43 74 57 45 56 10 40 39 13 50 36 47 40 20 0
17 24 45 51 80 27 74 40 89 66 55 28 63 65 67 41 0
51 89 37 49 41 67 78 44 27 56 34 89 19 0
17 33 64 10 55 34 26 38 65 82 83 83 87 10 60 38 0
53 69 29 13 21 86 33 87 56 32 31 55 73 82 62 48 57 14 14 33 30 42 88 22 67 34 19 68 0
80 60 32 0
80 67 54 28 42 52 74 16 25 40 79 18 44 38 17 49 42 40 0
26 70 34 83 46 75 13 25 17 64 79 19 86 56 15 24 40 57 41 47 73 71 36 33 57 16 40 0
48 22 28 16 34 84 42 23 21 45 70 29 51 59 70 0
57 75 14 39 75 77 76 10 58 55 33 25 61 15 64 52 27 34 58 83 28 0
16 39 78 28 10 39 29 70 29 28 0
65 58 73 52 44 73 52 41 16 19 13 53 25 55 70 0
55 15 0
88 54 49 76 72 49 25 44 30 76 62 28 83 30 43 45 17 26 39 48 64 0
83 27 16 80 39 56 0
44 65 76 40 24 62 23 64 29 57 36 48 61 86 41 82 71 29 41 0
58 31 13 49 57 0
56 47 43 54 35 29 29 21 60 76 25 25 82 77 24 60 35 75 56 66 19 37 85 82 18 86 24 21 0
71 25 43 60 10 39 86 29 11 49 31 77 17 78 0
84 12 39 61 0
37 69 39 16 17 32 24 13 0
67 80 59 34 66 29 34 15 57 85 16 49 59 35 56 47 46 50 50 0
53 70 0
32 19 12 39 73 58 42 29 35 65 30 11 41 82 67 78 49 63 37 88 64 62 86 0
19 78 0
36 41 73 81 64 0
35 13 18 84 78 70 29 53 10 63 36 82 40 56 74 13 83 24 19 56 21 31 65 89 34 0
73 50 34 47 75 12 82 35 86 70 15 57 65 16 30 43 0
61 10 56 16 83 71 26 81 0
79 88 65 55 42 48 15 18 37 32 20 30 58 16 42 63 16 50 21 36 83 84 39 35 50 78 29 63 46 20 0
35 19 15 80 83 85 86 11 33 28 22 85 28 60 69 82 66 29 13 45 55 39 74 80 80 14 0
85 50 14 35 75 55 72 18 48 67 46 81 42 16 13 69 35 0
49 27 72 20 62 59 17 12 76 40 34 80 33 29 41 37 86 0
34 68 66 24 78 22 16 0
29 51 42 86 57 33 23 72 43 27 41 83 61 27 33 85 18 56 57 81 36 53 49 60 64 58 27 0
22 33 56 73 26 88 69 74 31 34 56 17 52 39 10 55 0
65 51 17 31 50 40 57 45 31 60 19 79 77 45 12 52 12 27 0
42 87 84 64 31 82 23 25 32 55 71 31 30 64 70 51 24 20 51 59 41 0
21 63 40 56 65 34 10 82 44 43 31 39 49 0
31 62 20 85 59 33 58 79 87 38 72 53 48 65 55 32 28 66 85 10 64 12 66 65 36 21 18 58 50 57 0
23 61 15 51 30 0
19 51 68 48 65 32 38 41 29 60 11 85 87 12 11 89 68 0
36 31 26 36 71 25 31 37 28 36 78 80 17 39 41 28 29 49 82 58 80 0
60 33 48 58 35 49 89 46 58 67 67 74 13 81 42 34 60 60 13 48 51 52 0
34 70 0
73 14 17 15 25 19 39 63 19 16 55 19 84 23 76 62 39 32 85 23 88 55 74 11 45 67 54 64 43 66 23 0
71 62 64 38 24 45 12 33 84 89 74 78 54 13 82 83 35 29 17 33 0
33 67 61 42 63 36 75 39 81 76 52 86 83 81 20 38 35 75 64 66 60 53 30 63 77 0
40 17 62 63 81 37 72 85 69 45 31 87 27 54 73 21 82 66 44 44 47 69 30 21 0
32 16 65 85 84 31 35 11 35 40 34 0
23 29 74 10 82 23 59 79 87 0
71 15 57 58 84 37 78 48 24 20 54 0
47 80 85 72 33 30 54 58 83 19 29 20 52 22 33 21 43 62 34 0
68 82 24 14 61 12 52 27 54 49 49 43 39 44 57 15 17 22 63 0
63 34 52 25 78 76 69 31 80 13 78 58 37 12 15 40 47 89 58 43 80 49 77 62 36 44 67 43 88 40 27 62 0
70 77 85 88 56 26 78 12 46 79 71 81 36 22 38 35 0
23 26 61 42 78 39 29 55 24 27 37 42 79 43 54 19 38 52 17 87 72 51 43 0
33 34 0
77 14 17 41 28 33 44 12 53 74 31 50 88 49 0
72 70 62 36 31 43 78 39 40 13 32 73 16 55 50 46 74 54 53 25 24 0
60 27 23 76 48 63 74 39 82 57 52 86 83 73 71 24 54 21 59 77 37 65 42 77 0
59 41 48 26 56 18 76 0
31 62 63 36 79 45 60 78 87 57 23 70 70 37 35 82 38 22 61 14 86 48 89 0
31 80 24 29 88 10 44 62 15 50 88 36 85 11 24 34 10 37 14 70 0
71 62 45 35 33 81 32 23 33 61 45 23 75 16 53 28 83 25 33 43 56 11 70 57 25 46 89 84 50 69 11 64 0
79 89 17 70 63 63 13 0
50 58 20 56 54 70 49 21 45 34 67 46 14 66 61 50 65 88 43 77 89 49 61 0
80 68 11 54 41 46 31 81 47 73 80 11 54 39 22 89 64 0
46 20 40 49 13 16 47 78 35 79 37 86 19 59 0
20 23 48 57 76 71 14 60 61 47 24 43 0
55 49 81 43 11 32 83 14 70 72 34 15 61 13 11 71 63 17 33 28 87 32 15 69 68 65 0
25 31 57 75 28 48 18 62 50 0
87 86 52 69 31 57 73 66 10 86 39 50 29 10 47 52 15 58 30 22 73 78 75 72 63 13 31 0
17 71 54 14 19 16 74 72 16 89 49 48 85 30 88 24 30 46 18 67 0
71 79 29 59 16 44 0
52 65 45 59 46 41 64 87 48 80 70 86 79 29 44 74 81 75 40 54 63 49 31 19 30 0
71 79 59 25 0
21 80 88 71 68 40 77 65 30 67 77 58 88 48 12 24 40 29 54 84 82 13 57 0
65 20 25 86 22 40 49 33 62 80 46 72 62 65 79 34 42 67 82 72 25 36 86 87 56 51 81 48 86 49 0
62 11 17 10 23 79 50 79 83 72 35 65 76 11 55 20 75 64 44 58 79 0
54 29 68 47 20 27 44 11 51 48 45 11 48 58 80 40 79 74 22 57 81 40 10 46 0
75 52 84 75 74 17 72 13 75 29 55 44 15 57 86 85 44 87 44 12 77 26 34 13 71 81 85 21 81 73 14 0
36 88 36 52 15 18 55 33 69 20 67 27 0
63 22 53 12 88 88 32 57 32 35 38 23 62 49 46 0
53 54 56 84 80 18 41 40 0
64 20 25 74 69 35 79 81 0
82 32 28 24 79 50 81 59 15 86 18 51 74 14 16 72 40 38 80 0
69 85 30 79 52 14 10 77 83 81 18 27 55 68 41 44 29 65 13 66 13 54 28 29 10 66 11 72 14 33 0
73 60 25 14 22 61 14 42 55 38 50 72 83 60 56 70 0
63 25 88 66 21 26 85 53 82 86 35 86 29 63 22 31 30 26 43 82 31 75 47 11 0
61 84 38 59 16 59 32 32 57 88 75 73 83 39 17 31 16 46 82 69 0
23 42 74 57 34 47 74 23 48 52 74 75 80 44 81 49 66 55 17 17 73 32 42 22 40 64 0
76 88 40 76 54 72 60 21 48 0
85 61 40 47 77 25 69 63 49 29 72 46 36 79 29 10 31 73 40 37 44 58 68 0
44 32 88 47 75 78 39 22 49 69 12 68 37 71 42 76 42 24 64 68 45 84 21 18 0
51 78 21 52 56 37 86 30 67 75 0
87 24 27 78 84 61 0
31 43 0
49 75 87 23 86 42 49 17 82 27 10 70 70 52 68 50 81 88 59 66 45 57 81 63 0
75 66 12 48 19 43 87 37 72 20 65 24 60 24 17 29 24 29 41 19 88 81 0
86 51 66 42 18 57 47 85 42 23 88 80 65 73 29 44 56 72 0
22 42 0
29 13 79 81 44 88 79 36 88 75 29 65 59 69 64 16 64 17 0
14 39 69 78 11 0
76 73 64 88 57 87 60 60 28 51 46 27 72 24 57 89 43 64 59 22 0
17 29 78 21 33 59 80 53 60 13 39 43 0
70 10 16 72 12 67 65 49 36 79 63 83 78 49 58 47 13 39 87 32 27 18 56 76 89 51 79 44 33 32 54 45 0
12 27 19 69 34 58 47 23 64 0
43 23 41 81 26 70 30 49 39 38 0
25 69 88 14 24 31 69 20 66 76 54 35 85 66 11 86 23 56 60 86 10 73 37 33 89 0
53 80 30 33 69 78 13 68 34 59 41 0
21 50 31 65 27 27 41 29 23 87 27 25 83 59 88 63 34 39 54 77 62 75 53 41 63 0
51 87 25 83 43 68 75 64 0
12 33 27 63 46 24 81 61 17 82 11 22 27 73 67 46 45 84 89 76 0
55 70 86 22 63 71 80 48 78 0
82 21 83 56 10 49 79 13 88 71 0
21 40 30 30 77 65 24 76 83 23 74 63 51 38 68 65 61 58 0
37 51 16 62 49 16 21 0
20 19 51 57 62 34 77 82 21 84 48 39 77 13 55 83 87 0
61 62 0
62 57 34 0
63 86 14 22 17 74 64 0
35 31 31 11 50 55 22 76 14 84 15 17 49 88 46 75 12 50 72 64 17 16 77 23 44 33 0
51 17 89 52 74 62 73 76 54 38 40 40 74 34 45 34 26 76 70 11 78 31 74 52 70 32 71 35 67 14 60 60 0
11 22 85 15 37 23 11 0
54 41 82 30 0
58 46 15 39 80 35 12 0
77 24 38 10 50 15 14 52 18 57 54 30 52 11 10 18 13 18 62 76 0
82 15 43 39 52 24 61 77 26 67 16 72 15 0
32 53 52 75 13 19 71 33 14 72 65 22 27 25 74 14 10 18 51 43 79 46 57 50 33 25 27 72 87 65 78 30 0
41 47 63 82 28 38 86 42 14 18 60 29 0
64 61 0
57 14 32 13 61 73 69 28 42 51 0
49 71 78 19 54 67 72 47 37 53 75 69 57 84 39 28 28 45 80 13 45 36 36 48 40 51 0
58 83 20 26 43 82 46 52 78 23 67 67 50 0
53 62 29 47 43 79 17 79 69 21 34 16 79 24 78 40 42 46 33 52 63 18 76 51 61 17 65 70 74 57 0
37 29 61 26 63 50 66 84 62 29 60 20 18 74 88 48 26 76 0
21 81 32 39 43 35 46 18 0
63 65 79 42 37 82 0
10 74 67 84 46 38 54 88 78 38 38 68 87 25 81 50 16 55 31 81 80 20 89 37 0
17 58 0
44 50 58 76 35 67 70 71 15 34 22 83 14 82 61 43 17 85 83 56 50 25 47 73 35 79 52 0
38 21 17 24 61 66 10 86 75 22 20 81 78 0
26 34 56 30 68 64 57 61 62 17 28 51 32 85 72 75 77 52 86 85 18 57 13 18 86 78 62 16 21 50 22 0
75 68 10 85 74 57 56 46 16 27 40 71 0
22 56 42 17 84 69 25 83 24 66 79 44 38 37 56 31 0
36 48 28 68 43 44 67 41 81 25 58 63 0
55 75 84 87 34 78 18 50 72 32 0
13 66 86 73 32 27 32 10 17 82 0
50 37 29 82 60 77 82 33 25 47 50 20 76 75 40 84 67 0
26 35 58 83 31 41 57 81 15 10 88 40 52 49 67 24 73 69 11 65 44 26 55 84 0
41 21 19 36 30 31 84 55 31 0
77 62 29 20 68 29 18 18 23 89 27 37 72 38 38 80 72 87 45 18 65 28 62 74 86 82 48 81 48 69 20 67 0
39 77 84 10 37 44 24 0
13 83 51 41 64 73 55 61 28 15 68 79 67 0
75 60 43 66 50 54 29 27 38 10 46 32 11 73 18 57 52 21 82 14 84 56 77 49 27 48 0
86 37 0
81 22 34 34 31 26 78 50 43 59 50 79 33 83 15 0
82 57 53 75 13 48 41 81 39 11 71 36 39 18 11 0
62 67 86 83 84 26 75 69 27 36 11 51 61 16 83 86 0
78 23 19 68 86 42 18 87 23 76 68 63 77 88 35 87 36 29 33 85 14 12 22 72 45 15 0
51 88 72 89 29 85 18 87 81 0
47 31 15 66 0
68 53 40 13 82 18 64 25 13 0
28 26 83 63 31 21 57 62 83 56 33 30 16 62 54 88 0
27 13 28 26 71 0
88 26 16 17 81 31 20 12 49 68 37 55 42 49 22 46 74 20 21 0
26 73 43 24 67 60 59 85 28 40 19 27 56 25 66 79 46 28 81 38 0
61 83 71 20 47 59 84 89 70 41 57 85 74 23 63 76 72 58 15 54 19 0
52 34 40 42 23 58 65 51 87 36 76 20 46 65 69 73 16 49 56 63 77 73 76 50 59 10 50 0
54 60 22 16 36 52 80 49 53 56 42 82 34 60 13 23 35 72 86 41 0
84 46 51 67 64 43 69 64 83 75 60 53 88 19 32 82 89 71 77 87 56 70 32 26 25 77 84 39 73 0
13 67 24 86 77 78 71 56 85 65 73 55 60 23 64 82 48 64 16 35 13 62 47 67 30 62 54 24 12 69 0
47 79 48 76 66 68 57 0
63 64 47 29 67 61 35 11 19 89 17 76 45 21 0
22 42 38 19 56 72 0
80 30 67 70 48 43 81 47 17 86 22 55 25 31 58 51 32 67 82 40 53 69 83 29 82 35 58 11 0
72 31 56 12 89 69 82 74 60 40 82 56 52 79 24 73 47 17 47 56 41 0
51 21 23 71 45 48 71 46 24 0
67 71 88 18 50 80 83 52 30 27 18 24 16 64 39 85 71 77 51 55 16 12 66 61 73 21 20 0
89 34 50 18 47 80 27 39 70 52 81 43 69 42 89 27 16 71 22 30 10 15 75 48 17 0
20 33 46 62 61 45 38 53 85 76 43 54 25 56 16 49 41 27 81 40 44 39 53 88 11 53 45 0
12 85 21 22 60 89 26 31 44 54 75 72 40 60 36 88 26 43 47 89 60 70 72 47 19 35 77 53 79 65 71 0
60 83 77 30 34 13 51 69 57 68 51 40 39 77 38 87 62 75 87 65 87 69 54 16 0
73 59 35 48 73 58 18 18 45 70 42 80 64 53 48 42 14 78 23 34 26 21 38 43 50 0
40 61 89 78 17 73 80 43 31 63 43 72 71 31 52 23 21 26 67 59 59 23 79 72 79 15 35 60 80 27 63 0
78 63 51 86 78 73 71 19 46 24 81 59 45 44 24 89 60 81 58 61 47 48 76 68 85 53 38 28 71 44 0
59 49 73 87 37 56 20 46 44 35 38 45 22 24 60 21 26 83 22 0
72 12 16 51 87 59 79 57 40 33 48 42 72 63 71 19 0
82 88 16 59 68 52 71 82 54 35 18 47 79 38 30 81 44 23 30 46 12 78 28 68 36 60 50 89 74 12 61 66 0
20 35 68 14 48 12 58 25 52 47 14 81 19 85 67 32 26 0
67 46 42 45 72 0
37 23 28 39 27 36 71 37 0
81 73 52 35 73 19 78 30 24 69 72 51 78 14 19 44 71 55 28 58 37 62 86 83 33 0
52 59 81 31 63 72 0
57 18 77 66 38 49 80 17 31 74 37 36 83 71 49 49 89 50 28 14 46 21 69 55 63 38 0
84 43 61 40 42 21 27 19 49 19 41 88 40 25 35 18 51 0
58 10 80 18 28 84 86 72 63 51 45 44 40 72 29 11 54 14 22 24 23 61 33 86 11 63 54 36 72 15 0
72 47 18 32 65 44 60 47 50 21 35 36 0
49 87 84 13 11 16 27 56 19 50 85 20 24 49 79 38 86 16 0
43 56 74 50 11 44 88 51 87 33 29 81 72 26 75 75 28 0
45 74 43 85 69 54 51 60 75 79 56 81 41 41 48 57 82 81 11 32 74 41 55 0
32 69 29 17 86 47 89 41 64 75 69 43 39 62 14 24 84 12 47 67 76 37 35 0
28 68 0
12 19 39 47 41 18 67 49 46 24 80 30 78 65 89 64 46 13 20 12 87 54 50 65 40 29 10 50 48 0
34 82 30 63 40 61 23 49 52 60 63 43 80 84 50 31 10 87 34 0
41 32 64 81 39 47 53 71 39 11 49 64 35 21 69 17 73 83 56 0
53 62 20 75 88 13 16 88 42 72 18 73 0
24 17 75 61 60 56 11 13 48 17 70 59 76 78 74 69 76 52 64 48 14 0
78 17 0
76 49 70 84 65 26 19 72 44 22 42 10 55 77 80 62 57 82 81 45 66 12 64 28 67 54 65 58 43 0
56 29 64 68 24 39 0
65 53 70 77 85 71 43 72 13 47 71 85 38 27 62 41 33 32 50 77 87 18 30 22 64 0
76 42 48 57 0
55 20 49 42 47 62 27 61 18 17 42 13 77 11 17 60 34 40 20 54 69 0
26 81 35 18 19 20 88 18 31 53 28 70 38 17 75 55 68 83 0
21 86 82 54 46 52 0
28 63 75 87 34 11 31 11 52 72 53 50 81 74 14 51 87 42 59 72 39 37 17 44 0
45 68 45 81 30 66 19 35 51 49 11 52 70 13 46 84 56 39 75 73 43 37 70 27 38 52 88 0
11 74 56 46 52 43 70 25 19 31 82 60 70 84 54 82 39 43 77 37 72 62 20 25 41 80 74 69 0
24 77 27 89 75 64 83 28 76 18 37 17 11 39 78 37 35 70 66 68 57 45 50 62 56 17 45 0
33 57 15 48 76 32 47 61 38 72 31 24 81 10 32 34 39 0
13 16 64 21 75 32 56 67 36 54 0
23 43 50 22 48 88 88 70 77 11 51 60 32 65 0
32 39 59 13 81 62 52 56 73 69 30 71 46 88 36 63 53 69 24 66 59 22 64 71 10 18 32 12 0
40 85 15 69 54 50 61 58 12 59 41 71 79 22 60 29 48 33 72 59 47 48 60 12 0
74 44 63 16 46 45 46 73 82 58 69 75 61 37 77 30 68 11 51 32 61 70 23 36 52 0
74 43 75 28 0
11 62 45 17 50 32 86 33 25 86 0
10 57 71 29 77 81 30 70 55 33 50 68 60 44 35 76 29 52 14 59 53 18 14 12 58 69 88 33 84 36 67 36 0
80 55 22 71 28 82 36 83 42 47 53 29 72 71 48 34 75 50 77 35 86 79 35 65 30 58 11 56 67 0
82 57 35 14 70 53 87 49 46 71 86 42 10 68 23 81 44 41 73 63 66 21 84 44 77 24 12 30 23 22 0
15 21 83 19 82 78 16 41 0
78 69 18 30 79 64 53 33 0
36 38 23 48 32 57 67 47 12 87 12 56 87 17 67 80 58 11 20 17 74 77 37 53 85 57 42 11 53 17 16 0
45 62 21 20 61 78 57 15 28 11 61 25 50 71 48 18 72 10 57 89 77 84 52 25 84 37 26 47 0
65 68 64 37 80 74 40 20 73 78 70 26 49 38 66 62 76 26 77 76 74 76 16 68 70 31 62 49 47 0
36 22 62 42 0
52 58 64 14 41 52 75 0
43 23 65 48 41 81 35 59 65 53 65 0
33 38 80 25 28 42 83 72 14 35 16 88 83 70 44 66 64 29 65 17 74 0
87 57 31 32 59 39 75 66 25 51 15 47 66 33 0
59 47 35 36 53 65 61 65 20 37 39 71 44 79 88 74 76 55 47 19 24 76 0
81 43 29 38 81 85 13 22 86 50 80 32 14 55 83 69 65 62 51 79 16 40 77 32 26 42 70 67 89 88 0
32 74 65 60 17 13 15 61 89 0
51 64 11 17 89 23 24 62 16 13 20 46 32 43 14 65 23 24 16 53 60 38 37 0
40 44 70 45 48 22 42 89 28 44 48 27 0
15 31 15 50 42 83 73 27 87 80 72 53 86 35 55 0
15 33 16 81 45 51 39 89 35 39 27 21 77 45 20 34 18 57 75 50 50 58 67 80 48 49 75 44 27 41 0
32 16 58 23 51 51 85 83 76 34 20 88 53 87 50 78 16 50 63 88 10 63 66 32 21 57 18 0
26 49 49 0
87 17 14 0
10 41 41 28 65 84 26 60 81 19 80 87 59 85 86 0
58 14 34 21 13 74 18 30 65 89 20 62 48 0
52 48 39 84 67 14 30 35 17 21 44 39 51 45 35 79 47 35 83 23 47 38 87 55 10 62 87 53 66 45 51 0
84 81 54 13 37 74 38 44 86 25 74 79 0
51 68 17 76 13 62 33 73 59 31 74 63 28 37 39 63 30 10 89 21 54 12 81 39 41 0
67 56 83 56 0
44 34 66 63 69 70 86 52 40 59 36 45 29 15 27 83 68 27 34 31 71 37 22 52 0
80 29 18 25 0
66 60 51 74 65 62 55 13 25 85 63 0
72 82 41 89 27 19 0
52 72 40 31 85 82 41 27 54 81 42 39 57 44 33 42 51 0
87 55 52 34 28 46 16 52 29 48 22 70 16 16 0
78 37 79 23 20 16 67 11 81 48 58 67 23 42 29 51 0
26 13 63 44 81 22 38 20 12 0
80 18 56 43 39 35 32 0
77 71 61 78 14 0
79 23 17 31 42 58 13 10 61 18 44 85 62 0
15 64 65 38 25 64 0
54 89 77 48 29 10 51 0
14 12 38 28 51 12 12 19 15 13 23 55 79 18 28 14 55 82 22 83 17 76 48 13 0
36 51 46 0
12 86 73 47 66 11 40 68 45 50 25 80 15 71 70 23 89 26 20 33 70 0
41 88 84 44 58 30 38 14 0
72 42 72 61 51 25 12 29 60 52 77 51 57 58 63 22 89 31 64 32 12 20 15 10 15 82 58 67 0
15 66 44 79 48 16 40 15 0
12 66 12 79 59 11 47 64 55 78 85 29 20 39 0
58 40 45 50 40 54 0
45 31 88 35 21 14 65 27 54 19 35 88 88 36 89 45 10 0
33 37 26 76 67 88 76 49 75 0
79 39 80 35 60 78 12 72 35 19 41 79 29 66 78 27 44 29 15 76 26 70 23 74 88 32 72 74 23 57 52 45 0
42 22 0
63 24 71 88 0
22 29 84 30 17 54 16 69 11 82 85 71 47 69 70 22 51 86 35 50 49 70 46 33 82 13 86 48 26 84 24 70 0
50 42 15 14 48 74 15 40 69 29 78 80 41 10 73 37 67 33 76 48 22 0
72 57 48 0
74 75 77 86 41 37 39 46 74 77 31 31 60 42 0
48 65 81 80 48 61 57 24 47 47 36 89 30 83 48 83 0
33 70 16 16 49 77 52 33 0
25 87 66 58 47 56 33 71 46 23 42 46 69 31 83 47 63 55 73 53 48 34 0
60 40 34 52 59 76 75 66 44 24 42 12 62 89 67 75 0
32 27 33 44 80 27 81 53 24 16 16 0
41 34 65 23 10 27 73 0
45 49 63 59 0
65 63 80 74 48 68 16 17 43 82 40 60 74 83 27 80 42 0
63 18 39 77 0
57 60 38 44 19 43 45 10 50 51 33 34 41 43 72 49 76 65 31 79 81 24 16 23 88 70 77 17 19 64 58 18 0
38 52 75 71 40 27 0
81 50 55 64 35 69 23 54 44 76 43 67 11 81 81 41 61 68 48 70 74 48 0
18 76 73 35 57 55 52 30 78 45 27 53 70 87 18 34 73 85 19 51 38 42 0
69 13 52 60 26 36 18 47 76 85 62 21 84 60 63 57 48 50 74 11 31 23 52 87 87 47 0
80 75 49 64 86 85 58 56 53 36 65 42 54 12 46 17 38 16 22 85 55 63 22 88 0
35 50 33 0
39 72 54 56 64 60 53 59 0
19 54 86 26 86 82 60 74 89 41 81 22 68 0
75 80 76 21 26 69 76 80 50 59 45 17 33 15 12 34 66 53 78 14 22 26 87 72 10 86 0
33 50 34 21 67 24 40 30 40 51 17 31 11 66 18 50 89 0
52 65 31 16 85 36 28 21 33 42 53 61 88 77 22 32 40 31 78 70 52 29 31 59 82 65 0
10 25 66 55 68 73 77 74 68 55 44 31 78 76 74 81 26 13 45 80 76 67 69 0
29 40 30 78 64 85 55 0
20 31 61 30 46 80 46 24 45 80 45 0
19 61 57 35 17 12 26 83 69 85 81 88 67 21 28 41 48 73 47 59 46 18 31 82 89 68 16 44 0
83 20 19 55 19 45 62 21 13 87 81 40 78 31 17 42 50 48 80 33 85 81 22 45 0
14 44 33 53 31 33 46 73 43 43 82 30 47 45 33 44 36 15 0
10 22 17 50 12 39 25 39 31 69 74 76 74 29 19 69 82 0
25 17 27 59 41 47 48 0
22 83 55 27 58 0
71 17 47 25 46 14 54 19 74 39 85 10 10 46 69 82 79 36 41 16 85 72 86 0
58 18 69 55 0
69 52 49 28 89 17 64 46 61 26 30 10 21 62 10 10 41 34 31 67 65 69 15 79 65 0
48 26 12 45 84 23 88 75 41 87 82 47 75 54 63 15 0
27 19 87 27 50 31 48 60 39 0
17 28 35 40 18 51 42 54 45 55 52 62 38 81 55 75 67 51 49 24 15 66 34 44 35 26 0
73 28 47 42 35 65 67 17 0
60 81 0
47 78 32 20 26 55 65 12 32 58 83 79 15 59 23 50 36 71 58 19 10 15 83 67 70 13 27 86 63 18 66 0
87 88 63 23 54 70 57 28 38 50 17 43 51 62 83 77 0
51 38 76 88 64 85 69 67 22 17 72 63 74 35 60 24 88 25 68 20 73 39 48 65 78 82 0
51 27 46 37 0
75 55 19 49 82 30 58 47 38 72 20 54 18 70 68 48 37 47 59 52 28 49 28 16 0
77 57 11 33 36 22 50 33 63 41 26 0
89 15 16 72 25 60 32 37 38 22 64 27 71 27 45 63 77 52 14 64 51 47 39 30 0
80 53 65 31 21 11 63 26 17 0
73 67 19 20 47 31 27 65 45 76 20 18 63 14 54 37 88 12 66 28 13 88 23 20 30 35 21 83 83 60 0
19 69 79 61 27 52 78 34 87 64 76 47 69 81 12 48 79 0
25 49 49 55 62 60 75 39 23 20 33 74 32 0
85 53 45 54 16 66 78 45 0
0 0 0